user_id
 242820
  0
 40065
  0
 411777
  0
 80517
  0
 167040
  0
 17283
  0
 80514
  0
 402816
  0
 202371
  0
 327042
  0
 251778
  0
 411780
  0
 93828
  0
 289923
  0
 363141
  0
 44418
  1
 31104
  0
 228996
  0
 173700
  0
 251781
  1
 311937
  0
 342657
  0
 31107
  0
 298884
  0
 319875
  0
 273540
  0
 151941
  0
 158595
  1
 160899
  0
 39045
  0
 112773
  0
 242817
  0
 145281
  0
 260229
  0
 149637
  0
 227202
  0
 78210
  0
 56448
  0
 149634
  0
 87168
  0
 32898
  0
 155013
  0
 177285
  0
 69765
  0
 96900
  0
 92547
  merchant_id
   523
    1
   372
    0
 191109
  0
 241539
  0
 286848
  0
 241536
  0
 315009
  0
 205440
  merchant_id
   4240
    0
   1451
    0
   4864
    0
   3472
    1
   1978
    0
 191106
  0
 337281
  0
 381828
  0
 23937
  0
 286851
  0
 366210
  0
 41349
  0
 3204
  0
 250497
  1
 10629
  0
 201093
  0
 328323
  0
 381825
  0
 155010
  0
 218757
  0
 330624
  0
 263301
  0
 137601
  0
 239235
  0
 330627
  0
 146562
  0
 61824
  0
 420225
  0
 276612
  0
 272256
  0
 343938
  0
 102531
  0
 133251
  0
 272259
  0
 111489
  merchant_id
   1203
    0
   608
    1
 375168
  0
 109185
  0
 109188
  0
 146565
  0
 61827
  0
 210819
  0
 357762
  0
 111492
  0
 276609
  0
 49284
  0
 393861
  0
 63105
  0
 244608
  0
 208512
  0
 63108
  0
 180096
  0
 208515
  0
 46209
  0
 85377
  0
 266880
  0
 89730
  0
 384900
  0
 197763
  0
 325248
  0
 240258
  0
 329604
  0
 72069
  0
 72066
  merchant_id
   66
    1
   4472
    0
 275331
  0
 645
  0
 204162
  0
 325251
  0
 240261
  0
 284289
  0
 421506
  0
 303489
  0
 76419
  0
 257925
  merchant_id
   4708
    1
   503
    0
 101253
  0
 153732
  merchant_id
   2721
    0
   4585
    0
   1618
    1
 262017
  0
 34689
  0
 12417
  0
 127875
  0
 105603
  1
 105600
  0
 275328
  0
 248193
  0
 140418
  0
 67971
  0
 287364
  0
 347013
  0
 21378
  0
 188802
  0
 184449
  0
 25731
  0
 118917
  0
 153729
  0
 378240
  0
 114561
  merchant_id
   4173
    0
   4043
    1
 378243
  0
 140421
  0
 114564
  0
 171141
  0
 12420
  0
 43137
  0
 369795
  0
 181380
  0
 392577
  0
 396933
  0
 356481
  0
 88449
  0
 356484
  0
 322179
  0
 75138
  0
 207234
  0
 274050
  0
 274053
  0
 304773
  0
 335490
  0
 288642
  0
 104322
  0
 326529
  0
 368001
  1
 126597
  0
 117636
  0
 163971
  0
 339843
  0
 75141
  0
 150657
  0
 416130
  0
 253572
  0
 57729
  1
 13701
  0
 113283
  0
 230019
  0
 185733
  0
 407685
  0
 148356
  0
 185730
  0
 313221
  0
 194688
  0
 313218
  0
 53379
  0
 117633
  merchant_id
   2403
    1
   2872
    0
 53376
  1
 84099
  0
 135045
  0
 150660
  0
 361857
  0
 88452
  0
 135042
  0
 197250
  0
 277125
  0
 357252
  0
 9858
  0
 47493
  0
 47490
  0
 270978
  0
 405888
  0
 132741
  0
 34176
  merchant_id
   121
    0
   2217
    0
   3906
    0
   4356
    1
 417408
  0
 59013
  0
 277122
  0
 59010
  0
 87939
  0
 417411
  0
 141696
  0
 34179
  0
 212613
  0
 197253
  0
 109956
  0
 212610
  0
 176772
  0
 291459
  0
 243333
  0
 295812
  0
 219267
  0
 153216
  0
 375939
  0
 375936
  0
 127362
  0
 252291
  0
 413061
  0
 256644
  0
 256641
  0
 252288
  0
 139395
  0
 343173
  0
 269955
  0
 269952
  0
 40836
  0
 25218
  0
 40833
  0
 316803
  0
 1920
  0
 316800
  0
 362628
  1
 380037
  0
 362625
  0
 73347
  0
 8577
  0
 99972
  0
 307077
  merchant_id
   323
    0
   4756
    1
 198531
  0
 142977
  0
 396420
  0
 126081
  0
 369285
  0
 108672
  0
 414339
  0
 35460
  0
 369282
  0
 371589
  0
 110976
  0
 13698
  0
 55938
  0
 48768
  0
 242049
  0
 154500
  0
 292740
  0
 64896
  0
 268677
  0
 209025
  0
 255360
  0
 117120
  0
 259716
  0
 117123
  0
 35457
  0
 259713
  0
 51585
  0
 313728
  0
 300420
  0
 39813
  0
 185217
  0
 224643
  0
 299394
  0
 22149
  0
 313731
  0
 202881
  0
 220293
  0
 383109
  0
 268674
  0
 340098
  0
 150144
  0
 383106
  0
 237957
  0
 93312
  0
 66177
  1
 374661
  0
 79491
  0
 27009
  0
 331140
  0
 100737
  0
 387972
  0
 80004
  0
 344448
  0
 348804
  0
 415620
  0
 348801
  0
 365700
  0
 178563
  merchant_id
   2820
    1
   3828
    0
   3780
    0
 361347
  0
 7296
  1
 199044
  merchant_id
   1892
    1
   3965
    0
 395136
  0
 165249
  merchant_id
   1487
    1
   2662
    0
 134529
  0
 20865
  0
 374658
  0
 79488
  0
 359043
  0
 169605
  0
 27012
  1
 183939
  0
 183936
  0
 387969
  0
 352899
  0
 75906
  1
 19842
  0
 134532
  1
 352896
  0
 42624
  0
 170625
  0
 310656
  0
 147843
  0
 84864
  0
 210048
  0
 267396
  0
 15489
  0
 245121
  0
 214404
  0
 71556
  0
 339075
  0
 297603
  0
 71553
  0
 227715
  0
 308352
  0
 308355
  0
 323973
  0
 351108
  0
 69249
  0
 332421
  0
 205953
  0
 386688
  0
 364419
  0
 341376
  0
 112770
  0
 373380
  0
 175491
  1
 135813
  0
 131457
  0
 180864
  0
 332418
  0
 166533
  0
 166530
  0
 360066
  0
 345729
  0
 180867
  0
 144768
  0
 37248
  0
 103812
  0
 131460
  0
 179841
  0
 69252
  0
 16770
  0
 235392
  0
 107397
  0
 213123
  0
 355968
  0
 222084
  0
 311940
  0
 87936
  0
 272772
  0
 43908
  0
 239748
  0
 309636
  0
 121218
  0
 74628
  0
 92034
  0
 290178
  0
 257154
  0
 318597
  0
 43905
  merchant_id
   1916
    0
   3835
    1
 61314
  1
 171909
  1
 61317
  0
 305283
  0
 226434
  0
 305280
  0
 68994
  0
 178053
  0
 162945
  0
 46722
  0
 68997
  0
 296325
  0
 296322
  0
 42369
  0
 55680
  0
 240768
  0
 46725
  0
 204675
  0
 82821
  0
 55683
  0
 113541
  0
 329349
  0
 344961
  0
 162948
  0
 126849
  0
 20100
  0
 316032
  0
 240771
  0
 316035
  0
 2436
  merchant_id
   4173
    1
   1346
    0
 387204
  0
 2433
  1
 269184
  1
 238464
  0
 89472
  0
 67200
  0
 180357
  0
 238467
  0
 262533
  0
 287874
  0
 67203
  0
 108162
  0
 229509
  1
 76161
  0
 193665
  0
 28032
  1
 361089
  0
 156291
  0
 308865
  0
 21891
  0
 421251
  0
 378756
  0
 421248
  0
 231813
  0
 356994
  0
 317316
  0
 339588
  0
 150915
  0
 150912
  0
 58752
  0
 116610
  1
 326274
  0
 326277
  0
 304005
  0
 261252
  0
 243843
  0
 332931
  0
 166017
  0
 5508
  0
 203397
  0
 274563
  0
 341889
  0
 203394
  0
 370818
  0
 179328
  0
 184707
  0
 30336
  0
 5505
  0
 265602
  0
 364161
  0
 135300
  0
 364164
  0
 348033
  0
 355203
  0
 144261
  1
 190593
  0
 79233
  0
 79236
  0
 144258
  0
 1155
  0
 278916
  0
 305796
  0
 368514
  0
 278913
  0
 190596
  0
 38274
  0
 94851
  0
 399234
  0
 90498
  0
 399237
  0
 400770
  0
 81537
  0
 81540
  0
 122496
  0
 122499
  0
 188292
  0
 126852
  0
 377475
  0
 94848
  0
 377472
  0
 283011
  0
 23685
  0
 314244
  0
 65409
  0
 251013
  0
 273285
  0
 251010
  0
 23682
  0
 246915
  0
 264321
  0
 219777
  0
 237189
  0
 264324
  0
 65412
  0
 298116
  0
 206466
  0
 228228
  0
 298113
  0
 206469
  0
 405120
  0
 96132
  0
 52101
  0
 36993
  0
 291972
  0
 74373
  0
 233604
  0
 74370
  0
 151428
  0
 41091
  1
 4224
  0
 376197
  0
 376194
  1
 289665
  1
 349314
  0
 45441
  0
 45444
  0
 289668
  0
 149124
  0
 125571
  1
 149121
  0
 417156
  0
 195456
  0
 195459
  0
 336003
  0
 56964
  0
 199812
  0
 125568
  0
 56961
  0
 14724
  0
 87684
  0
 87681
  0
 10368
  0
 106881
  0
 120708
  0
 106884
  0
 311172
  0
 295041
  0
 315525
  0
 372609
  0
 138885
  0
 138882
  0
 394884
  0
 99204
  0
 295044
  0
 358788
  0
 152706
  0
 170115
  0
 324480
  1
 324483
  0
 263040
  0
 211842
  merchant_id
   794
    0
   587
    0
   1102
    1
 124290
  0
 64131
  1
 218499
  0
 102021
  0
 183426
  0
 209541
  0
 218496
  0
 242562
  0
 390018
  0
 255873
  0
 205188
  0
 196737
  0
 159363
  0
 205185
  0
 174981
  0
 102018
  0
 328833
  0
 409986
  0
 128640
  0
 42372
  0
 128643
  0
 161667
  0
 302208
  0
 346242
  0
 24960
  0
 130944
  0
 24963
  0
 385920
  0
 414081
  0
 115332
  0
 77445
  0
 192384
  0
 196740
  0
 288387
  0
 36480
  0
 103296
  0
 72579
  0
 266112
  0
 36483
  0
 14211
  0
 266115
  0
 72576
  0
 63621
  0
 23169
  0
 395649
  0
 63618
  0
 279429
  0
 359556
  0
 107649
  0
 143745
  0
 49794
  0
 85893
  0
 76929
  0
 210561
  0
 391296
  0
 395652
  merchant_id
   2448
    0
   4494
    1
 281733
  0
 419712
  0
 308097
  0
 281730
  0
 232320
  0
 232323
  0
 93057
  0
 164229
  0
 208257
  0
 382341
  0
 415362
  0
 258945
  merchant_id
   4282
    0
   3841
    1
   606
    0
   608
    0
 177537
  0
 241281
  0
 323205
  0
 258948
  0
 323202
  0
 6021
  0
 345474
  1
 208260
  0
 125058
  0
 223872
  0
 336516
  0
 384
  0
 254595
  0
 364929
  0
 6018
  0
 349827
  0
 349824
  0
 14208
  0
 301443
  0
 301440
  0
 373893
  0
 20097
  0
 24453
  0
 62337
  1
 119685
  0
 231045
  0
 360579
  0
 119682
  0
 62340
  0
 394368
  0
 138369
  0
 153984
  0
 37761
  0
 153987
  0
 71298
  0
 187776
  0
 75651
  0
 106371
  0
 284805
  1
 280449
  0
 121986
  0
 358275
  0
 138372
  0
 416640
  0
 290688
  0
 128133
  0
 96129
  0
 161154
  0
 200325
  0
 381060
  0
 412290
  0
 412293
  0
 385413
  0
 174468
  1
 385410
  0
 244353
  0
 174465
  0
 213636
  0
 213633
  0
 320133
  0
 244356
  0
 302724
  0
 28800
  0
 290691
  0
 226947
  1
 333444
  0
 311682
  0
 226944
  0
 28803
  0
 178818
  0
 288384
  0
 270210
  0
 59520
  0
 292482
  0
 82305
  0
 283524
  0
 417921
  0
 158850
  0
 111744
  0
 181632
  0
 44931
  merchant_id
   1425
    0
   3734
    1
 320130
  0
 29316
  0
 408195
  0
 111747
  0
 167301
  0
 408192
  merchant_id
   114
    0
   742
    0
   1093
    1
 194946
  0
 363651
  0
 16005
  0
 176259
  0
 397440
  0
 176256
  1
 212352
  0
 238980
  0
 225666
  0
 312960
  0
 141186
  0
 189570
  0
 141189
  0
 238977
  0
 216705
  0
 31617
  0
 384129
  0
 91266
  0
 17793
  0
 256386
  0
 401541
  0
 247428
  0
 278148
  0
 401538
  0
 328065
  0
 299904
  0
 243072
  0
 110466
  0
 353409
  0
 39552
  0
 39555
  0
 123780
  merchant_id
   4015
    1
   4966
    0
 334722
  0
 133506
  0
 101505
  0
 330372
  0
 101508
  0
 321408
  0
 259458
  0
 414852
  0
 410496
  0
 198018
  0
 155781
  0
 410499
  0
 319107
  0
 353412
  0
 319104
  0
 146820
  0
 1665
  0
 384132
  0
 58245
  0
 142467
  0
 191877
  0
 191874
  0
 173184
  0
 300930
  0
 397443
  0
 228738
  0
 400260
  0
 202113
  0
 404613
  0
 48000
  0
 32901
  0
 252801
  0
 211074
  0
 296835
  1
 404610
  0
 202116
  0
 307584
  merchant_id
   4173
    0
   1653
    0
   1340
    1
 246144
  0
 215424
  0
 215427
  0
 50307
  0
 307587
  0
 160641
  0
 285312
  0
 333957
  0
 160644
  0
 409218
  0
 124548
  0
 124545
  0
 173952
  0
 57984
  0
 35715
  0
 260481
  0
 71811
  1
 260484
  0
 4740
  0
 385152
  0
 294273
  0
 22401
  0
 389505
  0
 273795
  0
 71808
  0
 237699
  0
 320643
  0
 17025
  0
 39297
  0
 363393
  merchant_id
   1255
    1
   219
    0
 69504
  0
 264834
  0
 354435
  0
 367749
  0
 227457
  0
 342405
  0
 78465
  0
 78468
  0
 145029
  0
 350085
  0
 17028
  0
 367746
  0
 191364
  0
 220800
  0
 398469
  0
 220803
  0
 214146
  0
 423552
  0
 80769
  0
 189057
  0
 328581
  0
 158340
  0
 410241
  0
 282243
  0
 10884
  0
 114309
  0
 295554
  0
 330882
  1
 250242
  0
 32643
  0
 127617
  0
 321921
  0
 419460
  0
 161922
  1
 182400
  1
 263556
  0
 306309
  0
 315264
  0
 319620
  0
 315267
  0
 195714
  0
 146304
  0
 177027
  0
 276867
  0
 177024
  0
 70533
  0
 70530
  0
 199296
  0
 390531
  0
 379776
  0
 379779
  0
 357504
  0
 27264
  0
 27267
  0
 353154
  0
 7812
  0
 232833
  0
 137856
  0
 137859
  0
 155268
  0
 420483
  0
 168579
  0
 272004
  0
 397185
  0
 199299
  1
 366468
  0
 102789
  0
 240003
  1
 262275
  0
 329859
  0
 403077
  0
 217221
  0
 240000
  0
 239490
  0
 94083
  0
 316545
  0
 275586
  0
 12675
  0
 12672
  0
 217218
  0
 407424
  0
 407427
  merchant_id
   4173
    1
   1393
    0
 287106
  0
 98433
  0
 67716
  0
 67713
  0
 266628
  0
 54402
  0
 226176
  0
 85122
  0
 50049
  0
 279936
  0
 262272
  0
 279939
  0
 347268
  0
 21123
  0
 43395
  0
 90501
  0
 208770
  0
 208773
  1
 30081
  0
 30084
  0
 393600
  0
 169089
  0
 296067
  0
 197505
  0
 338307
  0
 50052
  0
 197508
  0
 235908
  0
 897
  0
 378498
  0
 171393
  0
 284037
  0
 171396
  0
 162435
  0
 356226
  0
 2181
  0
 175749
  0
 34437
  0
 419457
  0
 76674
  0
 175746
  0
 76677
  0
 89988
  0
 369537
  0
 89985
  1
 193155
  0
 105858
  0
 185988
  1
 406146
  0
 269700
  0
 163713
  0
 406149
  1
 265344
  0
 304515
  0
 136578
  0
 313473
  0
 97152
  1
 149892
  0
 313476
  0
 278658
  0
 340608
  merchant_id
   2537
    1
   104
    0
 149889
  0
 229251
  0
 104577
  1
 200835
  0
 297348
  merchant_id
   3085
    1
   949
    0
 229248
  0
 150402
  0
 252033
  0
 280962
  0
 231552
  merchant_id
   3828
    1
   2124
    0
 231555
  1
 326787
  0
 244866
  0
 66432
  0
 181125
  merchant_id
   1448
    0
   3420
    1
 344193
  0
 66435
  0
 344196
  0
 370560
  0
 148101
  0
 207489
  0
 383874
  1
 361605
  0
 348549
  0
 348546
  0
 108930
  1
 62085
  0
 5253
  0
 392322
  0
 113025
  0
 44673
  1
 374916
  0
 75396
  0
 416385
  0
 75393
  0
 335235
  0
 13956
  0
 335232
  0
 126336
  0
 172677
  0
 79746
  0
 190080
  0
 141954
  0
 172674
  0
 304512
  0
 141957
  0
 157056
  0
 350853
  0
 303744
  0
 52608
  0
 38784
  0
 303747
  0
 65922
  0
 65925
  0
 268419
  0
 61569
  0
 29826
  0
 230277
  0
 141444
  merchant_id
   4261
    0
   3585
    0
   4170
    1
 38787
  0
 105348
  merchant_id
   1056
    1
   1749
    0
 190851
  0
 291204
  0
 397953
  merchant_id
   278
    0
   2273
    1
   1704
    0
 154752
  0
 203907
  0
 291201
  1
 61572
  0
 12165
  0
 188544
  0
 188547
  0
 221313
  0
 221316
  0
 401283
  0
 234627
  0
 255108
  0
 184194
  0
 405636
  0
 234624
  0
 99717
  0
 132996
  1
 347781
  0
 47235
  0
 59265
  0
 120960
  0
 417666
  0
 59268
  0
 47232
  0
 175236
  0
 384645
  0
 175233
  0
 347778
  1
 8322
  1
 109701
  0
 190848
  0
 243588
  0
 105345
  0
 8325
  0
 325506
  1
 369027
  0
 243585
  0
 247941
  1
 371328
  0
 334464
  0
 256899
  0
 338817
  0
 189828
  0
 353922
  0
 104064
  0
 300675
  0
 13440
  0
 108420
  0
 26754
  0
 423042
  0
 313989
  0
 77952
  0
 77955
  0
 13443
  0
 151683
  1
 117381
  0
 136065
  0
 164994
  0
 329091
  0
 198789
  0
 380292
  0
 362883
  0
 51330
  0
 418944
  0
 51333
  0
 408708
  0
 82050
  0
 374403
  0
 215940
  0
 374400
  0
 211584
  0
 202629
  0
 224898
  0
 418947
  0
 299136
  0
 299139
  0
 172164
  0
 322437
  0
 172161
  0
 44163
  0
 322434
  0
 387714
  0
 44160
  0
 414594
  0
 60291
  0
 264066
  0
 292995
  1
 335748
  0
 163200
  0
 259971
  0
 277380
  0
 292992
  0
 246657
  0
 246660
  0
 176514
  merchant_id
   4392
    0
   2976
    0
   2447
    0
   1618
    1
 35202
  0
 331392
  0
 300672
  0
 20610
  0
 209283
  0
 156546
  0
 232065
  0
 223104
  0
 258693
  0
 20613
  1
 258690
  0
 7041
  0
 116097
  0
 169857
  0
 272514
  0
 272517
  0
 88197
  1
 88194
  0
 370053
  0
 352641
  0
 122754
  1
 143232
  0
 383361
  1
 49026
  0
 415875
  0
 415872
  0
 365952
  0
 18306
  merchant_id
   1710
    1
   1357
    0
   4992
    0
   1031
    0
   4733
    0
   4976
    1
   3734
    0
 33921
  0
 365955
  0
 187269
  0
 260994
  0
 260997
  0
 359298
  0
 227970
  0
 403845
  0
 134787
  0
 301956
  0
 201348
  0
 201345
  0
 276099
  0
 332676
  0
 84609
  0
 80256
  0
 80259
  0
 249732
  0
 345987
  0
 267141
  0
 214656
  0
 131202
  0
 62850
  0
 131205
  0
 119169
  0
 309891
  0
 144513
  0
 121473
  0
 193923
  0
 112515
  0
 373122
  0
 28545
  0
 140163
  0
 310401
  0
 386436
  0
 386433
  0
 341124
  0
 341121
  0
 323712
  0
 125829
  0
 30852
  0
 125826
  0
 70017
  0
 399744
  0
 279171
  0
 184197
  0
 96642
  0
 402561
  0
 178305
  0
 3972
  0
 406914
  0
 83331
  0
 100995
  0
 395394
  0
 406917
  0
 235140
  0
 411009
  0
 217731
  1
 279168
  0
 377985
  0
 285825
  merchant_id
   361
    0
   2637
    1
 285828
  merchant_id
   2856
    1
   4256
    0
   4115
    0
   4724
    0
   3392
    0
 200064
  0
 83328
  0
 250752
  0
 281475
  0
 327297
  0
 900
  0
 217728
  0
 180609
  0
 374148
  0
 213381
  0
 338052
  0
 287616
  0
 287619
  0
 387459
  0
 387456
  0
 89217
  0
 28290
  0
 213378
  0
 42114
  0
 91521
  0
 122241
  0
 226689
  0
 338049
  0
 42117
  0
 60801
  0
 171648
  0
 192129
  0
 340353
  0
 322944
  0
 247170
  0
 344706
  0
 140931
  0
 156036
  0
 89220
  0
 138627
  0
 184962
  0
 67458
  0
 19332
  0
 238212
  0
 240516
  0
 404097
  0
 203136
  0
 54144
  0
 169347
  0
 30594
  0
 54147
  0
 58500
  merchant_id
   3578
    1
   4847
    0
 284544
  0
 271236
  0
 365697
  0
 253824
  0
 377217
  0
 216453
  0
 216450
  0
 288900
  0
 112002
  merchant_id
   4173
    1
   962
    0
 212097
  0
 399489
  0
 203139
  1
 144000
  0
 90240
  0
 125313
  0
 310914
  merchant_id
   4043
    1
   3990
    0
 377220
  0
 310917
  0
 252549
  0
 34944
  0
 399492
  0
 326019
  0
 348288
  0
 339333
  1
 297861
  0
 265857
  0
 144003
  0
 172932
  0
 229764
  0
 308613
  0
 304257
  0
 308610
  0
 72834
  0
 139905
  merchant_id
   2780
    1
   3152
    0
   608
    0
 16257
  0
 100482
  0
 359808
  0
 113796
  0
 5763
  0
 29568
  0
 407172
  0
 139908
  0
 188034
  0
 188037
  0
 341637
  0
 81795
  0
 283269
  0
 81792
  0
 341634
  0
 104835
  0
 181893
  0
 407169
  0
 135555
  0
 16260
  0
 181890
  0
 386181
  0
 359811
  0
 355458
  0
 413829
  0
 57216
  0
 29571
  0
 148866
  0
 100485
  0
 274305
  0
 179589
  0
 274308
  0
 179586
  0
 72837
  0
 160128
  0
 219525
  0
 268932
  0
 219522
  0
 124035
  0
 124032
  0
 206211
  0
 74112
  0
 242307
  0
 14979
  0
 228483
  0
 409728
  0
 418692
  0
 14976
  0
 305538
  0
 349572
  0
 268929
  0
 215172
  0
 251268
  0
 230784
  0
 255621
  0
 251265
  0
 305541
  0
 349569
  0
 301188
  0
 23427
  0
 45699
  0
 285057
  0
 65667
  0
 298368
  0
 23424
  0
 195204
  0
 336258
  0
 32388
  0
 395907
  0
 107907
  0
 298371
  0
 273024
  0
 52356
  0
 273027
  0
 327300
  0
 360834
  0
 10113
  0
 10116
  0
 195201
  1
 410757
  0
 4485
  1
 391554
  0
 389253
  0
 391557
  0
 358530
  0
 342912
  0
 354177
  0
 342915
  0
 78978
  0
 142722
  0
 306816
  merchant_id
   1489
    1
   941
    0
 306819
  1
 99459
  0
 390276
  0
 127104
  1
 183684
  0
 147588
  0
 381315
  0
 86145
  0
 381312
  0
 354180
  0
 196992
  0
 302469
  0
 241026
  0
 286338
  0
 218241
  0
 254340
  0
 241029
  0
 220545
  0
 254337
  0
 161409
  0
 324225
  0
 346497
  0
 20355
  1
 324228
  0
 20352
  0
 295299
  0
 337539
  0
 68736
  0
 168069
  0
 115584
  0
 77697
  0
 119940
  0
 363906
  0
 55428
  0
 18048
  0
 46977
  0
 159105
  0
 159108
  0
 102276
  0
 209793
  0
 64389
  0
 379008
  0
 33666
  0
 420993
  0
 51075
  0
 418689
  0
 33669
  0
 391044
  0
 223620
  0
 210309
  0
 210306
  0
 415104
  0
 403584
  0
 301698
  1
 45189
  0
 63873
  0
 208002
  0
 27777
  0
 424068
  0
 208005
  0
 94596
  1
 424065
  0
 50562
  0
 81285
  0
 14466
  0
 257409
  0
 130692
  0
 327813
  0
 336768
  0
 132
  0
 88707
  0
 36228
  0
 116352
  0
 116355
  0
 336771
  0
 36225
  0
 386949
  0
 386946
  0
 103041
  0
 103044
  0
 310146
  0
 360321
  0
 245892
  0
 192900
  0
 142209
  0
 323457
  0
 360324
  0
 318084
  0
 6276
  0
 147072
  0
 302979
  0
 138117
  0
 187521
  0
 248964
  0
 187524
  0
 71040
  0
 183168
  0
 358020
  0
 412035
  0
 406659
  0
 318081
  0
 412032
  0
 128385
  0
 351876
  0
 128388
  0
 290433
  0
 66945
  0
 115074
  0
 382593
  0
 115077
  0
 382596
  0
 11397
  0
 196482
  0
 53634
  0
 84354
  merchant_id
   2776
    0
   4760
    1
 53637
  1
 320385
  0
 62595
  0
 156801
  1
 288129
  0
 33153
  0
 156804
  0
 376707
  merchant_id
   4143
    1
   829
    0
 121731
  0
 311424
  0
 119424
  0
 288132
  0
 213891
  0
 106113
  0
 324738
  0
 309123
  0
 37509
  0
 152448
  0
 297093
  0
 309120
  1
 200580
  0
 248961
  0
 231297
  0
 235653
  0
 37506
  0
 274818
  0
 22914
  0
 413316
  0
 9348
  merchant_id
   1393
    1
   4847
    0
 22917
  0
 225408
  0
 31872
  0
 247680
  1
 167556
  0
 225411
  0
 31875
  0
 346500
  0
 354948
  0
 354945
  0
 77184
  0
 118146
  0
 59778
  0
 120450
  0
 38016
  0
 38019
  0
 73605
  0
 136833
  0
 398976
  0
 73602
  0
 13188
  0
 269445
  0
 95874
  0
 13185
  merchant_id
   4173
    1
   3828
    0
 40320
  0
 172929
  0
 26499
  0
 59781
  0
 256131
  0
 350595
  0
 401793
  0
 40323
  0
 398979
  0
 86916
  1
 256128
  0
 124800
  0
 82563
  0
 321669
  0
 321666
  0
 132483
  0
 124803
  0
 306048
  0
 319362
  0
 203649
  0
 221058
  0
 334977
  0
 145794
  0
 86913
  0
 306051
  0
 238725
  0
 269442
  0
 151170
  1
 371076
  0
 362115
  0
 1413
  0
 362112
  0
 423555
  0
 1410
  0
 388740
  0
 384387
  0
 177792
  0
 155520
  0
 8067
  0
 110211
  0
 155523
  1
 39300
  0
 101760
  0
 48258
  0
 189315
  0
 330114
  0
 8064
  0
 375429
  0
 189312
  0
 123525
  0
 343428
  0
 123522
  0
 168837
  0
 312705
  0
 388737
  0
 151173
  0
 292227
  0
 133761
  0
 307329
  0
 366981
  0
 404865
  0
 259203
  0
 58497
  0
 259200
  1
 110208
  0
 233091
  0
 85635
  0
 176001
  0
 268164
  0
 366978
  0
 397698
  0
 237441
  0
 191619
  0
 191616
  0
 316293
  0
 41601
  0
 224130
  1
 283779
  0
 400005
  0
 413313
  0
