1213	255
267	218
420	168
602	152
1438	141
1208	141
1401	135
662	132
407	132
614	103
737	102
35	100
177	99
898	93
351	86
1075	85
1389	85
656	84
1505	81
1188	80
664	79
1577	69
1271	69
1553	66
1252	64
1467	64
1023	63
1095	61
229	59
464	58
1197	58
1174	51
1349	47
1238	47
629	47
295	47
883	46
1112	46
1130	44
962	43
993	42
821	41
1142	39
451	39
812	39
756	38
707	38
384	37
120	36
559	32
276	32
555	32
119	31
1228	31
1028	30
992	30
1326	29
683	29
1397	28
389	28
1644	28
601	26
825	25
1077	25
302	25
1147	24
1611	23
115	23
151	23
36	23
247	22
632	22
180	22
1357	21
1432	21
387	21
1395	20
933	19
786	19
895	18
776	18
1656	18
301	17
77	17
1413	17
1431	17
1528	17
1272	17
596	17
606	16
1172	16
369	16
22	16
1329	16
713	15
1036	15
484	15
331	15
308	15
1279	15
1211	15
1604	15
868	15
292	14
300	14
196	14
184	14
43	14
946	14
517	14
1344	13
320	13
1658	13
1583	13
1021	13
1181	13
297	12
69	12
563	12
1661	12
242	12
1603	12
270	12
730	12
1421	12
106	11
1591	11
1085	11
191	11
1469	11
748	11
835	10
1566	10
747	10
1189	10
1525	10
252	10
648	10
154	10
1371	10
1129	9
477	9
503	9
800	9
1280	9
11	9
236	9
1080	9
142	9
1422	9
1192	9
612	9
715	8
1034	8
1518	8
1554	8
1653	8
823	8
1025	8
834	8
805	8
598	8
1100	8
50	8
666	8
1429	8
766	8
795	8
1109	8
611	8
1256	8
893	8
1500	8
476	7
1290	7
1198	7
1231	7
490	7
896	7
958	7
784	7
1122	7
1650	7
1042	7
605	7
600	6
1516	6
108	6
218	6
204	6
1542	6
833	6
815	6
81	6
1157	6
1159	6
1165	6
1175	6
955	6
610	6
609	6
537	6
448	6
1338	6
435	6
430	6
138	6
884	6
1441	6
1444	6
1074	6
1472	6
235	6
492	5
1033	5
968	5
1081	5
892	5
1606	5
1360	5
136	5
125	5
1601	5
408	5
845	5
1090	5
56	5
844	5
440	5
424	5
178	5
1005	5
796	5
1183	5
788	5
307	5
639	5
328	5
938	5
2	5
530	5
1648	5
528	5
1163	5
1470	5
1414	5
352	5
753	5
1283	5
1626	5
649	5
944	5
761	5
192	5
494	5
1668	4
1526	4
574	4
1200	4
838	4
413	4
1620	4
1517	4
1173	4
1443	4
970	4
802	4
1101	4
981	4
1593	4
243	4
509	4
278	4
5	4
1048	4
489	4
159	4
245	4
1046	4
429	4
89	4
497	4
695	4
197	4
168	4
1190	3
673	3
1008	3
686	3
690	3
592	3
1243	3
996	3
573	3
567	3
720	3
117	3
543	3
1166	3
1266	3
1044	3
1161	3
521	3
507	3
1141	3
1047	3
499	3
764	3
488	3
1308	3
989	3
466	3
1317	3
985	3
1328	3
1113	3
1331	3
1334	3
438	3
434	3
428	3
971	3
40	3
1365	3
391	3
1612	3
380	3
1374	3
1377	3
1059	3
1580	3
358	3
1571	3
1405	3
163	3
1631	3
346	3
88	3
1657	3
322	3
319	3
976	3
31	3
1531	3
153	3
1529	3
865	3
636	3
631	3
641	3
1210	3
382	2
863	2
1180	2
934	2
1293	2
217	2
1388	2
114	2
493	2
368	2
1390	2
364	2
500	2
1588	2
937	2
504	2
513	2
199	2
27	2
268	2
1236	2
831	2
1143	2
266	2
964	2
1558	2
1268	2
595	2
1219	2
1260	2
699	2
333	2
166	2
102	2
1544	2
1491	2
1425	2
1167	2
1016	2
122	2
84	2
551	2
860	2
316	2
843	2
311	2
1195	2
1187	2
626	2
552	2
681	2
304	2
152	2
925	2
719	2
1474	2
718	2
241	2
104	2
1450	2
1251	2
1520	2
71	2
1502	2
205	2
1523	2
450	2
826	2
787	2
1118	2
457	2
1225	2
1058	2
78	2
404	2
469	2
400	2
1455	2
1135	2
1362	2
1602	2
1069	2
1367	2
190	2
1368	2
1370	2
771	2
1608	2
1596	2
1316	2
576	2
1311	2
1	1
984	1
960	1
954	1
953	1
922	1
918	1
906	1
900	1
90	1
873	1
87	1
867	1
830	1
83	1
829	1
827	1
819	1
770	1
738	1
73	1
703	1
698	1
692	1
680	1
676	1
66	1
646	1
637	1
624	1
620	1
617	1
583	1
581	1
577	1
570	1
564	1
556	1
554	1
548	1
54	1
531	1
526	1
501	1
49	1
467	1
460	1
455	1
437	1
426	1
417	1
411	1
395	1
386	1
383	1
374	1
361	1
359	1
355	1
340	1
34	1
33	1
324	1
310	1
290	1
287	1
280	1
273	1
260	1
231	1
223	1
222	1
202	1
19	1
187	1
179	1
171	1
17	1
167	1
1666	1
1660	1
1659	1
1647	1
1630	1
1600	1
1590	1
1587	1
158	1
1574	1
1561	1
1557	1
1552	1
1550	1
155	1
1539	1
1522	1
1504	1
1486	1
1479	1
1477	1
1459	1
1453	1
145	1
1440	1
1424	1
1416	1
141	1
1394	1
1369	1
1359	1
1355	1
1346	1
1309	1
1306	1
13	1
1292	1
1284	1
1273	1
1255	1
1247	1
1233	1
1232	1
1224	1
1217	1
1216	1
1214	1
1205	1
1203	1
1194	1
1186	1
1179	1
1171	1
1150	1
1146	1
1134	1
1119	1
1116	1
110	1
1099	1
1073	1
1065	1
1062	1
1050	1
1038	1
1024	1
1020	1
1014	1
239	0
1093	0
248	0
256	0
257	0
1489	0
828	0
1485	0
1483	0
1482	0
1480	0
109	0
1087	0
1475	0
259	0
265	0
1471	0
271	0
283	0
1468	0
285	0
1465	0
842	0
1458	0
1456	0
288	0
1083	0
296	0
849	0
298	0
299	0
1442	0
303	0
85	0
1439	0
305	0
1433	0
313	0
321	0
323	0
1428	0
325	0
854	0
329	0
337	0
349	0
1418	0
855	0
350	0
354	0
1410	0
859	0
1408	0
356	0
357	0
360	0
362	0
861	0
1392	0
367	0
370	0
371	0
1387	0
1384	0
1383	0
377	0
378	0
1375	0
38	0
1373	0
388	0
39	0
980	0
390	0
392	0
1366	0
394	0
399	0
4	0
402	0
1071	0
418	0
1356	0
864	0
42	0
1067	0
1345	0
422	0
1343	0
1339	0
44	0
443	0
447	0
1330	0
452	0
453	0
454	0
1322	0
132	0
463	0
478	0
481	0
1310	0
991	0
483	0
1064	0
1304	0
1303	0
130	0
998	0
1298	0
1295	0
486	0
1061	0
495	0
1287	0
885	0
505	0
1282	0
514	0
516	0
889	0
522	0
527	0
1270	0
53	0
532	0
1264	0
1262	0
533	0
126	0
1257	0
534	0
902	0
561	0
568	0
569	0
1249	0
1248	0
1013	0
578	0
1241	0
579	0
586	0
907	0
912	0
597	0
599	0
61	0
913	0
1221	0
1220	0
615	0
616	0
1218	0
914	0
915	0
1215	0
929	0
628	0
1212	0
63	0
643	0
121	0
1209	0
647	0
1206	0
994	0
1204	0
931	0
1201	0
65	0
651	0
12	0
653	0
665	0
1196	0
668	0
949	0
1193	0
67	0
671	0
674	0
678	0
679	0
689	0
951	0
1184	0
693	0
70	0
701	0
118	0
103	0
1176	0
702	0
706	0
711	0
72	0
1029	0
1170	0
721	0
723	0
725	0
729	0
731	0
733	0
740	0
741	0
1156	0
1155	0
1153	0
1152	0
96	0
743	0
745	0
1026	0
1144	0
750	0
76	0
760	0
765	0
773	0
969	0
777	0
779	0
1126	0
780	0
112	0
1007	0
781	0
974	0
1115	0
782	0
1598	0
161	0
1594	0
1614	0
1592	0
1616	0
785	0
1619	0
1589	0
1622	0
793	0
1623	0
1581	0
1624	0
1105	0
1578	0
1625	0
1102	0
1628	0
1637	0
1565	0
1563	0
798	0
1559	0
1641	0
799	0
1556	0
1643	0
1655	0
975	0
1551	0
807	0
997	0
1547	0
1665	0
1543	0
1670	0
1671	0
1098	0
1538	0
1534	0
1532	0
173	0
1530	0
174	0
182	0
185	0
189	0
195	0
20	0
820	0
212	0
214	0
1519	0
215	0
224	0
227	0
1515	0
1514	0
1511	0
234	0
1506	0
